   Rotamer making statitics:
   Residue   Start  Clean   Swap Rotate   Self  Hbond Repack  Ioni.   TorH     OH  Elect
   NTGA0001      1      1      1      1      1      1      1      2      2      2      2
   GLYA0001      0      0      0      0      0      0      0      0      0      0      0
   ASPA0002      1      1      1      1      1      1      1      3      5     19      9
   VALA0003      1      1      1      1      1      1      1      1      1      4      2
   GLUA0004      1      1      1      1      1      1      1      3      5      5      5
   LYSA0005      1      1      1      1      1      1      1      2      2      6      2
   GLYA0006      0      0      0      0      0      0      0      0      0      0      0
   LYSA0007      1      1      1      1      1      1      1      2      2      6      2
   LYSA0008      1      1      1      1      1      1      1      2      2      2      2
   ILEA0009      1      1      1      1      1      1      1      1      1      4      4
   PHEA0010      1      1      1      1      1      1      1      1      1      4      2
   ILEA0011      1      1      1      1      1      1      1      1      1      4      1
   META0012      1      1      1      1      1      1      1      1      1      4      2
   LYSA0013      1      1      1      1      1      1      1      2      2      6      2
   CYSA0014      1      1      1      1      1      1      1      2      4      4      4
   SERA0015      1      1      1      1      1      1      1      1      2     13      2
   GLNA0016      1      1      2      2      2      2      2      2      2      2      2
   CYSA0017      1      1      1      1      1      1      1      2      4      4      4
   HISA0018      1      1      2      2      1      1      1      3      3     11      6
   THRA0019      1      1      1      1      1      1      1      1      2     13      6
   VALA0020      1      1      1      1      1      1      1      1      1      4      3
   GLUA0021      1      1      1      1      1      1      1      3      5     18      5
   LYSA0022      1      1      1      1      1      1      1      2      2      7      2
   GLYA0023      0      0      0      0      0      0      0      0      0      0      0
   GLYA0024      0      0      0      0      0      0      0      0      0      0      0
   LYSA0025      1      1      1      1      1      1      1      2      2      7      3
   HISA0026      1      1      2      2      2      2      2      6      6     18      9
   LYSA0027      1      1      1      1      1      1      1      2      2      2      2
   THRA0028      1      1      1      1      1      1      1      1      2      3      2
   GLYA0029      0      0      0      0      0      0      0      0      0      0      0
   PROA0030      1      1      1      1      1      1      1      1      1      1      1
   ASNA0031      1      1      2      2      2      2      1      1      1      4      1
   LEUA0032      1      1      1      1      1      1      1      1      1      4      3
   HISA0033      1      1      2      2      2      2      2      6      6     18      6
   GLYA0034      0      0      0      0      0      0      0      0      0      0      0
   LEUA0035      1      1      1      1      1      1      1      1      1      4      4
   PHEA0036      1      1      1      1      1      1      1      1      1      4      1
   GLYA0037      0      0      0      0      0      0      0      0      0      0      0
   ARGA0038      1      1      1      1      1      1      1      4      4     20      6
   LYSA0039      1      1      1      1      1      1      1      2      2      6      4
   THRA0040      1      1      1      1      1      1      1      1      1      8      4
   GLYA0041      0      0      0      0      0      0      0      0      0      0      0
   GLNA0042      1      1      2      2      2      2      2      2      2      6      3
   ALAA0043      1      1      1      1      1      1      1      1      1      3      1
   PROA0044      1      1      1      1      1      1      1      1      1      1      1
   GLYA0045      0      0      0      0      0      0      0      0      0      0      0
   TYRA0046      1      1      1      1      1      1      1      2      2     10      2
   SERA0047      1      1      1      1      1      1      1      1      2     13      1
   TYRA0048      1      1      1      1      1      1      1      2      3     14      3
   THRA0049      1      1      1      1      1      1      1      1      3     18      2
   ALAA0050      1      1      1      1      1      1      1      1      1      1      1
   ALAA0051      1      1      1      1      1      1      1      1      1      3      1
   ASNA0052      1      1      2      2      2      2      1      1      1      4      1
   LYSA0053      1      1      1      1      1      1      1      2      2      2      2
   ASNA0054      1      1      2      2      2      2      2      2      2      6      2
   LYSA0055      1      1      1      1      1      1      1      2      2      8      4
   GLYA0056      0      0      0      0      0      0      0      0      0      0      0
   ILEA0057      1      1      1      1      1      1      1      1      1      4      3
   ILEA0058      1      1      1      1      1      1      1      1      1      4      3
   TRPA0059      1      1      1      1      1      1      1      1      1      4      1
   GLYA0060      0      0      0      0      0      0      0      0      0      0      0
   GLUA0061      1      1      1      1      1      1      1      3      5      6      5
   ASPA0062      1      1      1      1      1      1      1      3      5      5      5
   THRA0063      1      1      1      1      1      1      1      1      2     13      5
   LEUA0064      1      1      1      1      1      1      1      1      1      4      4
   META0065      1      1      1      1      1      1      1      1      1      4      1
   GLUA0066      1      1      1      1      1      1      1      3      5     11      5
   TYRA0067      1      1      1      1      1      1      1      2      3     14      6
   LEUA0068      1      1      1      1      1      1      1      1      1      4      1
   GLUA0069      1      1      1      1      1      1      1      3      5     19      5
   ASNA0070      1      1      2      2      2      2      1      1      1      4      2
   PROA0071      1      1      1      1      1      1      1      1      1      1      1
   LYSA0072      1      1      1      1      1      1      1      2      2      8      4
   LYSA0073      1      1      1      1      1      1      1      2      2      7      2
   TYRA0074      1      1      1      1      1      1      1      2      3     14      4
   ILEA0075      1      1      1      1      1      1      1      1      1      4      4
   PROA0076      1      1      1      1      1      1      1      1      1      1      1
   GLYA0077      0      0      0      0      0      0      0      0      0      0      0
   THRA0078      1      1      1      1      1      1      1      1      3     18      6
   LYSA0079      1      1      1      1      1      1      1      2      2      2      2
   META0080      1      1      1      1      1      1      1      1      1      4      2
   ILEA0081      1      1      1      1      1      1      1      1      1      4      1
   PHEA0082      1      1      1      1      1      1      1      1      1      4      1
   VALA0083      1      1      1      1      1      1      1      1      1      4      2
   GLYA0084      0      0      0      0      0      0      0      0      0      0      0
   ILEA0085      1      1      1      1      1      1      1      1      1      4      3
   LYSA0086      1      1      1      1      1      1      1      2      2      7      2
   LYSA0087      1      1      1      1      1      1      1      2      2      7      4
   LYSA0088      1      1      1      1      1      1      1      2      2      2      2
   GLUA0089      1      1      1      1      1      1      1      3      5     10      5
   GLUA0090      1      1      1      1      1      1      1      3      5     19      9
   ARGA0091      1      1      1      1      1      1      1      4      5     24      5
   ALAA0092      1      1      1      1      1      1      1      1      1      1      1
   ASPA0093      1      1      1      1      1      1      1      3      5     21     10
   LEUA0094      1      1      1      1      1      1      1      1      1      4      4
   ILEA0095      1      1      1      1      1      1      1      1      1      4      1
   ALAA0096      1      1      1      1      1      1      1      1      1      2      1
   TYRA0097      1      1      1      1      1      1      1      2      2      8      2
   LEUA0098      1      1      1      1      1      1      1      1      1      4      3
   LYSA0099      1      1      1      1      1      1      1      2      2      8      3
   LYSA0100      1      1      1      1      1      1      1      2      2      6      2
   ALAA0101      1      1      1      1      1      1      1      1      1      1      1
   THRA0102      1      1      1      1      1      1      1      1      2     13      4
   ASNA0103      1      1      2      2      2      2      2      2      2      6      3
   GLUA0104      1      1      1      1      1      1      1      3      5     18      5
   CTRA0104      1      1      1      1      1      1      1      3      5      5      5
   HEMA0500      1      1      1      1      1      1      1      2      2      2      2
   PAAA0500      1      1      1      1      1      1      1      3      5     18      5
   PDDA0500      1      1      1      1      1      1      1      3      5     19     10
   Total        96     96    106    106    105    105    102    173    219    710    307
