00001 NTR01A0003_001 f 0.00  0.000     0  0.00  0  0  -0.001  -0.101   0.000   0.003   0.000   0.000 01O000M000
00002 NTR+1A0003_002 f 0.00  1.000     0  8.00  0  1  -0.002  -0.106   0.000   0.695   0.514  -1.300 +1O000M000
00003 VAL01A0003_001 f 0.00  0.000     0  0.00  0  0  -0.015   0.166   0.075   0.000   0.000   0.000 01O000M000
00004 ILE01A0004_001 f 0.00  0.000     0  0.00  0  0   0.144  -0.300   0.052   0.000   0.000   0.000 01O000M000
00005 ASN01A0005_001 f 0.00  0.000     0  0.00  0  0  -0.016  -0.032   0.066  -0.562   0.692   0.000 01O000M000
00006 THR01A0006_001 f 0.00  0.000     0  0.00  0  0  -0.015   0.053   0.049   1.366   0.683   0.000 01O000M000
00007 THR01A0006_002 f 0.00  0.000     0  0.00  0  0  -0.007  -0.423   0.003  -0.882   0.244   0.000 01O000M000
00008 PHE01A0007_001 f 0.00  0.000     0  0.00  0  0   1.819  -1.175   0.000   0.000   0.000   0.000 01O000M000
00009 ASP01A0008_001 f 0.00  0.000     0  0.00  0  0  -0.009  -0.288   0.058   0.099   0.322   0.000 01O000M000
00010 ASP01A0008_002 f 0.00  0.000     0  0.00  0  0  -0.010  -0.272   0.020   0.114   0.329   0.000 01X000M000
00011 ASP01A0008_003 f 0.00  0.000     0  0.00  0  0   0.023  -0.286   0.058   0.268   0.405   0.000 01O000M000
00012 ASP02A0008_004 f 0.00  0.000     0  0.00  0  0  -0.010  -0.285   0.058   0.134   0.198   0.000 02O000M000
00013 ASP-1A0008_005 f 0.00 -1.000     0  4.75  0 -1  -0.011  -0.281   0.058  -0.654   0.644  -0.850 -1O000M000
00014 VAL01A0010_001 f 0.00  0.000     0  0.00  0  0  -0.016  -0.597   0.000   0.000   0.000   0.000 01O000M000
00015 ALA01A0011_001 f 0.00  0.000     0  0.00  0  0   0.000  -0.260   0.000   0.000   0.000   0.000 01O000M000
00016 ASP01A0012_001 f 0.00  0.000     0  0.00  0  0  -0.011  -0.445   0.034   0.069   0.236   0.000 01O000M000
00017 ASP01A0012_002 f 0.00  0.000     0  0.00  0  0   0.026  -0.221   0.034   0.260   0.065   0.000 01O000M000
00018 ASP02A0012_003 f 0.00  0.000     0  0.00  0  0  -0.012  -0.443   0.034   0.075   0.535   0.000 02O000M000
00019 ASP-1A0012_004 f 0.00 -1.000     0  4.75  0 -1  -0.012  -0.435   0.034  -0.089   1.373  -0.850 -1O000M000
00020 TYR01A0013_001 f 0.00  0.000     0  0.00  0  0   1.738  -1.385   0.000  -0.111   0.511   0.000 01O000M000
00021 TYR01A0013_002 f 0.00  0.000     0  0.00  0  0   1.726  -1.391   0.000  -0.181   0.687   0.000 01O000M000
00022 TYR-1A0013_003 f 0.00 -1.000     0 10.20  0 -1   1.716  -1.380   0.000  -0.558   2.688  -0.500 -1O000M000
00023 LEU01A0014_001 f 0.00  0.000     0  0.00  0  0  -0.034  -1.118   0.120   0.000   0.000   0.000 01O000M000
00024 GLN01A0015_001 f 0.00  0.000     0  0.00  0  0   0.014  -0.448   0.117  -0.621   0.599   0.000 01O000M000
00025 THR01A0016_001 f 0.00  0.000     0  0.00  0  0  -0.015  -0.156   0.047  -0.498   0.276   0.000 01O000M000
00026 TYR01A0017_001 f 0.00  0.000     0  0.00  0  0   1.720  -0.838   0.000   0.141   0.191   0.000 01O000M000
00027 TYR-1A0017_002 f 0.00 -1.000     0 10.20  0 -1   1.702  -0.837   0.000   0.055   0.648  -0.500 -1O000M000
00028 HIS01A0018_001 f 0.00  0.000     0  0.00  0  0  -0.055  -0.529   0.009   0.050   0.610   0.000 01O000M000
00029 HIS02A0018_002 f 0.00  0.000     0  0.00  0  0  -0.057  -0.525   0.009   0.246   1.055   0.000 02O000M000
00030 HIS+1A0018_003 f 0.00  1.000     0  6.50  0  1  -0.065  -0.541   0.009  -0.336   1.338  -1.000 +1O000M000
00031 LYS01A0019_001 f 0.00  0.000     0  0.00  0  0  -0.040  -0.472   0.525   0.035   0.108   0.000 01O000M000
00032 LYS+1A0019_002 f 0.00  1.000     0 10.80  0  1  -0.048  -0.475   0.525  -0.118   0.696   0.400 +1O000M000
00033 LEU01A0020_001 f 0.00  0.000     0  0.00  0  0  -0.036  -0.827   0.132   0.000   0.000   0.000 01O000M000
00034 PRO01A0021_001 f 0.00  0.000     0  0.00  0  0  -0.019  -0.364   0.000   0.000   0.000   0.000 01O000M000
00035 ASP01A0022_001 f 0.00  0.000     0  0.00  0  0  -0.011   0.665   0.063   0.080   0.301   0.000 01O000M000
00036 ASP02A0022_002 f 0.00  0.000     0  0.00  0  0  -0.011   0.677   0.063   0.035   0.233   0.000 02O000M000
00037 ASP-1A0022_003 f 0.00 -1.000     0  4.75  0 -1  -0.012   0.682   0.063  -0.856   0.512  -0.850 -1O000M000
00038 ASN01A0023_001 f 0.00  0.000     0  0.00  0  0  -0.017  -0.292   0.025  -1.349   1.251   0.000 01O000M000
00039 TYR01A0024_001 f 0.00  0.000     0  0.00  0  0   1.724  -2.313   0.000   0.332   1.248   0.000 01O000M000
00040 TYR01A0024_002 f 0.00  0.000     0  0.00  0  0   1.723  -1.881   0.000  -1.035   1.249   0.000 01O000M000
00041 TYR-1A0024_003 f 0.00 -1.000     0 10.20  0 -1   1.711  -2.284   0.000   0.833   7.234  -0.500 -1O000M000
00042 ILE01A0025_001 f 0.00  0.000     0  0.00  0  0   0.123  -0.747   0.056   0.000   0.000   0.000 01O000M000
00043 THR01A0026_001 f 0.00  0.000     0  0.00  0  0  -0.015  -0.415   0.051   1.223   0.761   0.000 01O000M000
00044 THR01A0026_002 f 0.00  0.000     0  0.00  0  0  -0.007  -0.481   0.005  -1.071   0.267   0.000 01O000M000
00045 THR01A0026_003 f 0.00  0.000     0  0.00  0  0  -0.009  -0.493   0.051  -0.081   0.721   0.000 01O000M000
00046 LYS01A0027_001 f 0.00  0.000     0  0.00  0  0   0.024  -0.439   0.241   0.092   0.244   0.000 01O000M000
00047 LYS+1A0027_002 f 0.00  1.000     0 10.80  0  1   0.015  -0.444   0.241   1.522   1.799   0.400 +1O000M000
00048 SER01A0028_001 f 0.00  0.000     0  0.00  0  0  -0.001  -0.128   0.048  -0.276  -0.083   0.000 01O000M000
00049 GLU01A0029_001 f 0.00  0.000     0  0.00  0  0   0.065  -0.599   0.024  -0.308   0.299   0.000 01O000M000
00050 GLU01A0029_002 f 0.00  0.000     0  0.00  0  0   0.186  -0.187   0.024   1.551   0.573   0.000 01O000M000
00051 GLU02A0029_003 f 0.00  0.000     0  0.00  0  0   0.067  -0.584   0.024  -0.502   0.503   0.000 02O000M000
00052 GLU-1A0029_004 f 0.00 -1.000     0  4.75  0 -1   0.069  -0.581   0.024  -1.228   1.046  -0.300 -1O000M000
00053 ALA01A0030_001 f 0.00  0.000     0  0.00  0  0   0.000  -0.339   0.000   0.000   0.000   0.000 01O000M000
00054 GLN01A0031_001 f 0.00  0.000     0  0.00  0  0   0.030  -0.823   0.065   0.007   0.082   0.000 01O000M000
00055 ALA01A0032_001 f 0.00  0.000     0  0.00  0  0   0.000  -0.248   0.000   0.000   0.000   0.000 01O000M000
00056 LEU01A0033_001 f 0.00  0.000     0  0.00  0  0  -0.034  -0.787   0.120   0.000   0.000   0.000 01O000M000
00057 TRP01A0035_001 f 0.00  0.000     0  0.00  0  0   1.496  -1.815   0.000   0.000   0.000   0.000 01O000M000
00058 VAL01A0036_001 f 0.00  0.000     0  0.00  0  0  -0.018  -0.228   0.000   0.000   0.000   0.000 01O000M000
00059 ALA01A0037_001 f 0.00  0.000     0  0.00  0  0   0.000  -0.122   0.000   0.000   0.000   0.000 01O000M000
00060 SER01A0038_001 f 0.00  0.000     0  0.00  0  0  -0.001  -0.161   0.076   0.045   0.026   0.000 01O000M000
00061 LYS01A0039_001 f 0.00  0.000     0  0.00  0  0  -0.063  -0.451   0.263  -0.024  -0.029   0.000 01O000M000
00062 LYS+1A0039_002 f 0.00  1.000     0 10.80  0  1  -0.066  -0.452   0.263   0.023   0.030   0.400 +1O000M000
00063 ASN01A0041_001 f 0.00  0.000     0  0.00  0  0  -0.018  -0.279   0.086  -1.981   1.113   0.000 01O000M000
00064 LEU01A0042_001 f 0.00  0.000     0  0.00  0  0  -0.038  -0.748   0.069   0.000   0.000   0.000 01O000M000
00065 ALA01A0043_001 f 0.00  0.000     0  0.00  0  0   0.000  -0.304   0.000   0.000   0.000   0.000 01O000M000
00066 ASP01A0044_001 f 0.00  0.000     0  0.00  0  0  -0.012  -0.413   0.002   0.142   0.295   0.000 01O000M000
00067 ASP02A0044_002 f 0.00  0.000     0  0.00  0  0  -0.012  -0.412   0.002   0.153   0.224   0.000 02O000M000
00068 ASP-1A0044_003 f 0.00 -1.000     0  4.75  0 -1  -0.012  -0.404   0.002  -0.400   0.377  -0.850 -1O000M000
00069 VAL01A0045_001 f 0.00  0.000     0  0.00  0  0  -0.018  -0.772   0.012   0.000   0.000   0.000 01O000M000
00070 ALA01A0046_001 f 0.00  0.000     0  0.00  0  0   0.000  -0.054   0.000   0.000   0.000   0.000 01O000M000
00071 PRO01A0047_001 f 0.00  0.000     0  0.00  0  0  -0.018  -0.114   0.000   0.000   0.000   0.000 01O000M000
00072 LYS01A0049_001 f 0.00  0.000     0  0.00  0  0  -0.069  -1.181   0.284   0.046   0.087   0.000 01O000M000
00073 LYS+1A0049_002 f 0.00  1.000     0 10.80  0  1  -0.073  -1.170   0.284  -0.897   0.867   0.400 +1O000M000
00074 SER01A0050_001 f 0.00  0.000     0  0.00  0  0  -0.001  -0.480   0.068  -0.418   0.582   0.000 01O000M000
00075 ILE01A0051_001 f 0.00  0.000     0  0.00  0  0   0.136  -0.329   0.058   0.000   0.000   0.000 01O000M000
00076 ASP01A0054_001 f 0.00  0.000     0  0.00  0  0  -0.011  -0.609   0.002  -0.210   0.966   0.000 01O000M000
00077 ASP02A0054_002 f 0.00  0.000     0  0.00  0  0  -0.011   1.318   0.002   1.747   1.004   0.000 02O000M000
00078 ASP02A0054_003 f 0.00  0.000     0  0.00  0  0   0.018  -0.607   0.002   0.034   0.476   0.000 02O000M000
00079 ASP02A0054_004 f 0.00  0.000     0  0.00  0  0  -0.013  -0.601   0.864  -0.031   0.654   0.000 02O000H000
00080 ASP02A0054_005 f 0.00  0.000     0  0.00  0  0  -0.018  -0.611   0.864   0.956   0.941   0.000 02O000H002
00081 ASP-1A0054_006 f 0.00 -1.000     0  4.75  0 -1  -0.012  -0.582   0.002  -3.264   2.899  -0.850 -1O000M000
00082 ILE01A0055_001 f 0.00  0.000     0  0.00  0  0   0.746  -0.051   0.099   0.000   0.000   0.000 01O000M000
00083 PHE01A0056_001 f 0.00  0.000     0  0.00  0  0   1.729  -0.992   0.000   0.000   0.000   0.000 01O000M000
00084 SER01A0057_001 f 0.00  0.000     0  0.00  0  0  -0.001   0.043   0.083  -0.522   0.215   0.000 01O000M000
00085 ASN01A0058_001 f 0.00  0.000     0  0.00  0  0  -0.016  -0.152   0.088  -1.690   0.856   0.000 01O000M000
00086 ARG01A0059_001 f 0.00  0.000     0  0.00  0  0  -0.032   0.551   2.011   0.152   0.042   0.000 01O000M000
00087 ARG02A0059_002 f 0.00  0.000     0  0.00  0  0  -0.028   0.550   2.011   0.101   0.139   0.000 02O000M000
00088 ARG03A0059_003 f 0.00  0.000     0  0.00  0  0  -0.031   0.549   2.011   0.102   0.201   0.000 03O000M000
00089 ARG+1A0059_004 f 0.00  1.000     0 12.50  0  1  -0.041   0.548   2.011   0.910   0.340   0.000 +1O000M000
00090 GLU01A0060_001 f 0.00  0.000     0  0.00  0  0   0.129  -0.375   0.015   0.001   0.211   0.000 01O000M000
00091 GLU01A0060_002 f 0.00  0.000     0  0.00  0  0   0.469  -0.380   0.015   0.493   0.022   0.000 01O000M000
00092 GLU02A0060_003 f 0.00  0.000     0  0.00  0  0   0.131  -0.370   0.015  -0.075   0.543   0.000 02O000M000
00093 GLU-1A0060_004 f 0.00 -1.000     0  4.75  0 -1   0.132  -0.368   0.015  -0.668   1.132  -0.300 -1O000M000
00094 LYS01A0062_001 f 0.00  0.000     0  0.00  0  0  -0.019  -0.679   0.608   0.026   0.091   0.000 01O000M000
00095 LYS01A0062_002 f 0.00  0.000     0  0.00  0  0  -0.018  -0.671   0.608   0.110   0.200   0.000 01O000M000
00096 LYS+1A0062_003 f 0.00  1.000     0 10.80  0  1  -0.025  -0.692   0.608  -0.238   1.130   0.400 +1O000M000
00097 LEU01A0063_001 f 0.00  0.000     0  0.00  0  0  -0.029  -0.550   0.070   0.000   0.000   0.000 01O000M000
00098 PRO01A0064_001 f 0.00  0.000     0  0.00  0  0  -0.018   0.029   0.000   0.000   0.000   0.000 01O000M000
00099 LYS01A0066_001 f 0.00  0.000     0  0.00  0  0  -0.075  -0.310   0.117  -0.005  -0.106   0.000 01O000M000
00100 LYS+1A0066_002 f 0.00  1.000     0 10.80  0  1  -0.080  -0.311   0.117  -0.046   0.046   0.400 +1O000M000
00101 SER01A0067_001 f 0.00  0.000     0  0.00  0  0  -0.001   0.043   0.372   0.097   0.079   0.000 01O000M000
00102 ARG01A0069_001 f 0.00  0.000     0  0.00  0  0   0.080  -0.962   0.230  -0.763   1.508   0.000 01O000M000
00103 ARG02A0069_002 f 0.00  0.000     0  0.00  0  0   0.058  -1.003   0.230   0.356   1.541   0.000 02O000M000
00104 ARG02A0069_003 f 0.00  0.000     0  0.00  0  0   0.087  -1.036   0.086   0.306   1.500   0.000 02X000M000
00105 ARG03A0069_004 f 0.00  0.000     0  0.00  0  0   0.080  -0.968   0.230  -0.444   1.428   0.000 03O000M000
00106 ARG03A0069_005 f 0.00  0.000     0  0.00  0  0   0.078  -0.969   0.230  -0.304   1.449   0.000 03O000M000
00107 ARG+1A0069_006 f 0.00  1.000     0 12.50  0  1   0.070  -0.972   0.230   0.148   2.732   0.000 +1O000M000
00108 THR01A0070_001 f 0.00  0.000     0  0.00  0  0  -0.015  -0.220   0.061  -0.078   0.112   0.000 01O000M000
00109 TRP01A0071_001 f 0.00  0.000     0  0.00  0  0   1.458  -2.362   0.000   0.000   0.000   0.000 01O000M000
00110 ARG01A0072_001 f 0.00  0.000     0  0.00  0  0  -0.015  -0.768   0.183  -0.388   0.584   0.000 01O000M000
00111 ARG02A0072_002 f 0.00  0.000     0  0.00  0  0  -0.013  -1.110   0.183   0.325   0.705   0.000 02O000M000
00112 ARG02A0072_003 f 0.00  0.000     0  0.00  0  0  -0.015  -0.758   0.183  -0.544   0.882   0.000 02O000M000
00113 ARG03A0072_004 f 0.00  0.000     0  0.00  0  0  -0.016  -0.771   0.183  -0.415   0.779   0.000 03O000M000
00114 ARG+1A0072_005 f 0.00  1.000     0 12.50  0  1  -0.026  -0.772   0.183  -0.582   0.920   0.000 +1O000M000
00115 GLU01A0073_001 f 0.00  0.000     0  0.00  0  0   0.006  -0.650   0.052   0.089   0.733   0.000 01O000M000
00116 GLU01A0073_002 f 0.00  0.000     0  0.00  0  0   0.054  -0.665   0.052   0.418   0.567   0.000 01O000M000
00117 GLU01A0073_003 f 0.00  0.000     0  0.00  0  0  -0.004  -0.652   0.915   0.176   0.891   0.000 01O000H000
00118 GLU02A0073_004 f 0.00  0.000     0  0.00  0  0   0.008  -0.649   0.052  -0.082   0.808   0.000 02O000M000
00119 GLU02A0073_005 f 0.00  0.000     0  0.00  0  0   0.040  -0.660   0.052  -0.062   0.387   0.000 02O000M000
00120 GLU-1A0073_006 f 0.00 -1.000     0  4.75  0 -1   0.009  -0.646   0.052  -1.597   3.093  -0.300 -1O000M000
00121 ALA01A0074_001 f 0.00  0.000     0  0.00  0  0   0.000  -0.283   0.000   0.000   0.000   0.000 01O000M000
00122 ASP01A0075_001 f 0.00  0.000     0  0.00  0  0  -0.012  -0.633   0.054  -0.145   1.201   0.000 01O000M000
00123 ASP01A0075_002 f 0.00  0.000     0  0.00  0  0   0.020  -0.464   0.054  -0.083   1.015   0.000 01O000M000
00124 ASP01A0075_003 f 0.00  0.000     0  0.00  0  0  -0.019  -0.644   0.916  -0.055   0.913   0.000 01O000H002
00125 ASP02A0075_004 f 0.00  0.000     0  0.00  0  0  -0.013  -0.630   0.054   0.001   1.225   0.000 02O000M000
00126 ASP02A0075_005 f 0.00  0.000     0  0.00  0  0   0.036  -0.636   0.054   0.240   1.171   0.000 02O000M000
00127 ASP02A0075_006 f 0.00  0.000     0  0.00  0  0  -0.020  -0.633   0.916  -0.007   1.198   0.000 02O000H002
00128 ASP-1A0075_007 f 0.00 -1.000     0  4.75  0 -1  -0.012  -0.620   0.054  -2.227   5.858  -0.850 -1O000M000
00129 ILE01A0076_001 f 0.00  0.000     0  0.00  0  0   0.084  -1.089   0.076   0.000   0.000   0.000 01O000M000
00130 ASN01A0077_001 f 0.00  0.000     0  0.00  0  0  -0.015  -0.025   0.017  -0.042   0.477   0.000 01O000M000
00131 TYR01A0078_001 f 0.00  0.000     0  0.00  0  0   1.733  -2.068   0.000   0.030   1.101   0.000 01O000M000
00132 TYR01A0078_002 f 0.00  0.000     0  0.00  0  0   1.722  -1.562   0.000  -1.399   1.124   0.000 01O000M000
00133 TYR-1A0078_003 f 0.00 -1.000     0 10.20  0 -1   1.711  -2.020   0.000  -1.804   5.157  -0.500 -1O000M000
00134 THR01A0079_001 f 0.00  0.000     0  0.00  0  0  -0.015  -0.210   0.051   0.171   0.242   0.000 01O000M000
00135 SER01A0080_001 f 0.00  0.000     0  0.00  0  0  -0.001  -0.060   0.051  -0.013   0.018   0.000 01O000M000
00136 PHE01A0082_001 f 0.00  0.000     0  0.00  0  0   1.851  -1.310   0.000   0.000   0.000   0.000 01O000M000
00137 ARG01A0083_001 f 0.00  0.000     0  0.00  0  0   0.070  -0.501   0.167  -0.136   1.239   0.000 01O000M000
00138 ARG01A0083_002 f 0.00  0.000     0  0.00  0  0   0.102  -0.469   0.071  -0.132   1.167   0.000 01X000M000
00139 ARG02A0083_003 f 0.00  0.000     0  0.00  0  0   0.050  -0.506   0.167   0.141   1.113   0.000 02O000M000
00140 ARG02A0083_004 f 0.00  0.000     0  0.00  0  0   0.062  -0.465   0.073   0.113   1.125   0.000 02X000M000
00141 ARG03A0083_005 f 0.00  0.000     0  0.00  0  0   0.070  -0.501   0.167  -0.087   1.151   0.000 03O000M000
00142 ARG03A0083_006 f 0.00  0.000     0  0.00  0  0   0.086  -0.461   0.071  -0.072   1.131   0.000 03X000M000
00143 ARG03A0083_007 f 0.00  0.000     0  0.00  0  0   0.067  -0.505   0.167   0.023   1.248   0.000 03O000M000
00144 ARG03A0083_008 f 0.00  0.000     0  0.00  0  0   0.084  -0.464   0.071   0.042   1.226   0.000 03X000M000
00145 ARG+1A0083_009 f 0.00  1.000     0 12.50  0  1   0.060  -0.508   0.167   1.592   2.787   0.000 +1O000M000
00146 ASN01A0084_001 f 0.00  0.000     0  0.00  0  0  -0.015   0.185   0.025  -1.202   1.185   0.000 01O000M000
00147 SER01A0085_001 f 0.00  0.000     0  0.00  0  0  -0.001  -0.336   0.058  -0.149   0.567   0.000 01O000M000
00148 SER01A0085_002 f 0.00  0.000     0  0.00  0  0  -0.002  -0.339   0.011  -0.463   0.198   0.000 01O000M000
00149 ASP01A0086_001 f 0.00  0.000     0  0.00  0  0  -0.011  -0.626   0.007   0.120   0.520   0.000 01O000M000
00150 ASP02A0086_002 f 0.00  0.000     0  0.00  0  0  -0.011  -0.616   0.007   0.066   0.516   0.000 02O000M000
00151 ASP-1A0086_003 f 0.00 -1.000     0  4.75  0 -1  -0.012  -0.610   0.007  -0.762   2.031  -0.850 -1O000M000
00152 ARG01A0087_001 f 0.00  0.000     0  0.00  0  0   0.064  -1.256   0.157  -0.978   1.803   0.000 01O000M000
00153 ARG01A0087_002 f 0.00  0.000     0  0.00  0  0   0.083  -1.022   0.124  -1.186   1.802   0.000 01X000M000
00154 ARG02A0087_003 f 0.00  0.000     0  0.00  0  0   0.050  -1.336   0.157  -0.335   1.791   0.000 02O000M000
00155 ARG03A0087_004 f 0.00  0.000     0  0.00  0  0   0.062  -1.255   0.157  -0.924   1.713   0.000 03O000M000
00156 ARG+1A0087_005 f 0.00  1.000     0 12.50  0  1   0.053  -1.261   0.157  -0.277   3.746   0.000 +1O000M000
00157 ILE01A0088_001 f 0.00  0.000     0  0.00  0  0   0.088  -0.956   0.228   0.000   0.000   0.000 01O000M000
00158 LEU01A0089_001 f 0.00  0.000     0  0.00  0  0  -0.040  -0.888   0.195   0.000   0.000   0.000 01O000M000
00159 TYR01A0090_001 f 0.00  0.000     0  0.00  0  0   1.728  -1.630   0.000  -0.066   0.788   0.000 01O000M000
00160 TYR-1A0090_002 f 0.00 -1.000     0 10.20  0 -1   1.719  -1.618   0.000  -0.730   4.127  -0.500 -1O000M000
00161 SER01A0091_001 f 0.00  0.000     0  0.00  0  0  -0.001  -0.487   0.065   0.940   0.944   0.000 01O000M000
00162 SER01A0091_002 f 0.00  0.000     0  0.00  0  0  -0.001  -0.480   0.065  -0.074   0.947   0.000 01O000M000
00163 SER01A0091_003 f 0.00  0.000     0  0.00  0  0  -0.002  -0.525   0.073   0.005   0.938   0.000 01O000H000
00164 SER01A0092_001 f 0.00  0.000     0  0.00  0  0  -0.001  -0.353   0.125  -0.396   0.389   0.000 01O000M000
00165 SER01A0092_002 f 0.00  0.000     0  0.00  0  0  -0.001  -0.312   0.125   1.070   0.779   0.000 01O000M000
00166 ASP01A0093_001 f 0.00  0.000     0  0.00  0  0  -0.012  -0.180   0.001   0.053   1.006   0.000 01O000M000
00167 ASP01A0093_002 f 0.00  0.000     0  0.00  0  0   0.026   0.632   0.001   2.217   0.752   0.000 01O000M000
00168 ASP02A0093_003 f 0.00  0.000     0  0.00  0  0  -0.013  -0.170   0.001  -0.759   1.111   0.000 02O000M000
00169 ASP02A0093_004 f 0.00  0.000     0  0.00  0  0   0.021  -0.172   0.001  -0.961   0.438   0.000 02O000M000
00170 ASP02A0093_005 f 0.00  0.000     0  0.00  0  0  -0.020  -0.170   0.864  -0.845   0.867   0.000 02O000H002
00171 ASP-1A0093_006 f 0.00 -1.000     0  4.75  0 -1  -0.013  -0.164   0.001  -2.225   3.169  -0.850 -1O000M000
00172 TRP01A0094_001 f 0.00  0.000     0  0.00  0  0   1.495  -1.544   0.000   0.000   0.000   0.000 01O000M000
00173 LEU01A0095_001 f 0.00  0.000     0  0.00  0  0  -0.033  -0.440   0.050   0.000   0.000   0.000 01O000M000
00174 ILE01A0096_001 f 0.00  0.000     0  0.00  0  0   0.331  -0.868   0.151   0.000   0.000   0.000 01O000M000
00175 TYR01A0097_001 f 0.00  0.000     0  0.00  0  0   1.733  -1.524   0.000   0.130   0.639   0.000 01O000M000
00176 TYR-1A0097_002 f 0.00 -1.000     0 10.20  0 -1   1.722  -1.520   0.000  -0.854   3.060  -0.500 -1O000M000
00177 LYS01A0098_001 f 0.00  0.000     0  0.00  0  0  -0.034  -0.274   0.665  -0.023   0.009   0.000 01O000M000
00178 LYS+1A0098_002 f 0.00  1.000     0 10.80  0  1  -0.037  -0.276   0.665   0.438   0.461   0.400 +1O000M000
00179 THR01A0099_001 f 0.00  0.000     0  0.00  0  0  -0.015  -0.961   0.049  -0.996   0.862   0.000 01O000M000
00180 THR01A0099_002 f 0.00  0.000     0  0.00  0  0  -0.003  -0.887   0.003   0.481   0.891   0.000 01O000M000
00181 THR01A0099_003 f 0.00  0.000     0  0.00  0  0  -0.005  -0.936   0.049   1.044   0.900   0.000 01O000M000
00182 THR01A0100_001 f 0.00  0.000     0  0.00  0  0  -0.015  -0.210   0.057  -0.038   0.094   0.000 01O000M000
00183 ASP01A0101_001 f 0.00  0.000     0  0.00  0  0  -0.011   5.423   0.003   1.399   1.015   0.000 01O000M000
00184 ASP01A0101_002 f 0.00  0.000     0  0.00  0  0   0.017   0.042   0.003   1.356   0.853   0.000 01O000M000
00185 ASP01A0101_003 f 0.00  0.000     0  0.00  0  0  -0.013  -0.208   0.865   1.087   0.888   0.000 01O000H000
00186 ASP02A0101_004 f 0.00  0.000     0  0.00  0  0  -0.011  -0.265   0.003  -0.887   1.272   0.000 02O000M000
00187 ASP-1A0101_005 f 0.00 -1.000     0  4.75  0 -1  -0.013  -0.229   0.003  -3.888   3.534  -0.850 -1O000M000
00188 HIS01A0102_001 f 0.00  0.000     0  0.00  0  0  -0.053  -0.389   0.253   0.076   0.552   0.000 01O000M000
00189 HIS02A0102_002 f 0.00  0.000     0  0.00  0  0  -0.056  -0.392   0.253   0.323   0.948   0.000 02O000M000
00190 HIS+1A0102_003 f 0.00  1.000     0  6.50  0  1  -0.064  -0.403   0.253   0.575   0.838  -1.000 +1O000M000
00191 TYR01A0103_001 f 0.00  0.000     0  0.00  0  0   1.705  -0.005   0.000  -0.153   0.631   0.000 01O000M000
00192 TYR01A0103_002 f 0.00  0.000     0  0.00  0  0   1.694  -0.007   0.000   0.081   0.913   0.000 01O000M000
00193 TYR01A0103_003 f 0.00  0.000     0  0.00  0  0   1.678  -0.008   0.337   0.061   0.837   0.000 01O000H001
00194 TYR01A0103_004 f 0.00  0.000     0  0.00  0  0   1.678  -0.006   0.338  -0.023   0.751   0.000 01O000H004
00195 TYR-1A0103_005 f 0.00 -1.000     0 10.20  0 -1   1.687  -0.003   0.000  -1.505   3.231  -0.500 -1O000M000
00196 GLN01A0104_001 f 0.00  0.000     0  0.00  0  0  -0.030  -0.509   0.033  -0.269   0.285   0.000 01O000M000
00197 THR01A0105_001 f 0.00  0.000     0  0.00  0  0  -0.015  -0.117   0.056  -0.061   0.255   0.000 01O000M000
00198 THR01A0105_002 f 0.00  0.000     0  0.00  0  0  -0.008  -0.148   0.056   0.169   0.546   0.000 01O000M000
00199 THR01A0105_003 f 0.00  0.000     0  0.00  0  0  -0.015  -0.077   0.112   0.222   0.395   0.000 01O000H000
00200 PHE01A0106_001 f 0.00  0.000     0  0.00  0  0   1.766  -1.402   0.000   0.000   0.000   0.000 01O000M000
00201 THR01A0107_001 f 0.00  0.000     0  0.00  0  0  -0.015  -0.245   0.048  -0.152   0.565   0.000 01O000M000
00202 LYS01A0108_001 f 0.00  0.000     0  0.00  0  0  -0.043  -0.464   0.136   0.024   0.312   0.000 01O000M000
00203 LYS+1A0108_002 f 0.00  1.000     0 10.80  0  1  -0.048  -0.470   0.136   0.727   2.293   0.400 +1O000M000
00204 ILE01A0109_001 f 0.00  0.000     0  0.00  0  0   0.028  -0.793   0.060   0.000   0.000   0.000 01O000M000
00205 ARG01A0110_001 f 0.00  0.000     0  0.00  0  0   0.083  -0.439   0.129  -0.475   1.089   0.000 01O000M000
00206 ARG01A0110_002 f 0.00  0.000     0  0.00  0  0   0.102  -0.367   0.116  -0.458   0.977   0.000 01X000M000
00207 ARG02A0110_003 f 0.00  0.000     0  0.00  0  0   0.062  -0.748   0.129   0.289   1.117   0.000 02O000M000
00208 ARG02A0110_004 f 0.00  0.000     0  0.00  0  0   0.081  -0.437   0.129  -0.564   1.244   0.000 02O000M000
00209 ARG03A0110_005 f 0.00  0.000     0  0.00  0  0   0.080  -0.432   0.129  -0.454   1.149   0.000 03O000M000
00210 ARG03A0110_006 f 0.00  0.000     0  0.00  0  0   0.078  -0.429   0.129  -0.560   1.187   0.000 03O000M000
00211 ARG+1A0110_007 f 0.00  1.000     0 12.50  0  1   0.070  -0.448   0.129  -0.643   1.984   0.000 +1O000M000
00212 CTR01A0110_001 f 0.00  0.000     0  0.00  0  0   0.005  -0.345   0.000  -0.572   0.557   0.000 01O000M000
00213 CTR01A0110_002 f 0.00  0.000     0  0.00  0  0  -0.003  -0.306   0.000  -0.583   0.341   0.000 01O000M000
00214 CTR02A0110_003 f 0.00  0.000     0  0.00  0  0   0.005  -0.362   0.000   0.162   0.819   0.000 02O000M000
00215 CTR02A0110_004 f 0.00  0.000     0  0.00  0  0  -0.003  -0.331   0.000   0.889   0.875   0.000 02O000M000
00216 CTR02A0110_005 f 0.00  0.000     0  0.00  0  0  -0.004  -0.196   0.863   1.200   0.888   0.000 02O000H003
00217 CTR-1A0110_006 f 0.00 -1.000     0  3.75  0 -1   0.000  -0.337   0.000  -1.690   3.364   0.000 -1O000M000
00218 _ZN01A0112_001 f 0.00  0.000     0  0.00  0  0   0.000  -0.058   0.000   0.000   0.000   0.000 01O000M000
00219 _ZN+2A0112_002 f 0.00  2.000     0  0.00  0  0   0.000  -0.058   0.000  -0.838 -49.386   0.000 +2O000M000
