 ph              0.0   1.0   2.0   3.0   4.0   5.0   6.0   7.0   8.0   9.0  10.0  11.0  12.0  13.0  14.0
NTR01A0003_001 0.000 0.000 0.000 0.000 0.000 0.000 0.004 0.036 0.266 0.783 0.969 0.995 1.000 1.000 1.000
NTR+1A0003_002 1.000 1.000 1.000 1.000 1.000 1.000 0.996 0.964 0.734 0.217 0.031 0.005 0.000 0.000 0.000
VAL01A0003_001 1.000 1.000 1.000 1.000 1.000 1.000 1.000 1.000 1.000 1.000 1.000 1.000 1.000 1.000 1.000
ILE01A0004_001 1.000 1.000 1.000 1.000 1.000 1.000 1.000 1.000 1.000 1.000 1.000 1.000 1.000 1.000 1.000
ASN01A0005_001 1.000 1.000 1.000 1.000 1.000 1.000 1.000 1.000 1.000 1.000 1.000 1.000 1.000 1.000 1.000
THR01A0006_001 0.000 0.000 0.000 0.000 0.000 0.000 0.000 0.000 0.000 0.000 0.000 0.000 0.000 0.000 0.000
THR01A0006_002 1.000 1.000 1.000 1.000 1.000 1.000 1.000 1.000 1.000 1.000 1.000 1.000 1.000 1.000 1.000
PHE01A0007_001 1.000 1.000 1.000 1.000 1.000 1.000 1.000 1.000 1.000 1.000 1.000 1.000 1.000 1.000 1.000
ASP01A0008_001 0.000 0.000 0.003 0.003 0.000 0.003 0.000 0.000 0.000 0.000 0.000 0.000 0.000 0.000 0.000
ASP01A0008_002 1.000 1.000 0.997 0.982 0.943 0.686 0.196 0.025 0.003 0.000 0.000 0.000 0.000 0.000 0.000
ASP01A0008_003 0.000 0.000 0.000 0.000 0.000 0.000 0.000 0.000 0.000 0.000 0.000 0.000 0.000 0.000 0.000
ASP02A0008_004 0.000 0.000 0.000 0.006 0.006 0.005 0.000 0.000 0.000 0.000 0.000 0.000 0.000 0.000 0.000
ASP-1A0008_005 0.000 0.000 0.000 0.009 0.052 0.307 0.804 0.975 0.997 1.000 1.000 1.000 1.000 1.000 1.000
VAL01A0010_001 1.000 1.000 1.000 1.000 1.000 1.000 1.000 1.000 1.000 1.000 1.000 1.000 1.000 1.000 1.000
ALA01A0011_001 1.000 1.000 1.000 1.000 1.000 1.000 1.000 1.000 1.000 1.000 1.000 1.000 1.000 1.000 1.000
ASP01A0012_001 0.214 0.203 0.175 0.087 0.015 0.002 0.000 0.000 0.000 0.000 0.000 0.000 0.000 0.000 0.000
ASP01A0012_002 0.017 0.016 0.014 0.007 0.001 0.000 0.000 0.000 0.000 0.000 0.000 0.000 0.000 0.000 0.000
ASP02A0012_003 0.766 0.758 0.640 0.290 0.052 0.008 0.000 0.000 0.000 0.000 0.000 0.000 0.000 0.000 0.000
ASP-1A0012_004 0.003 0.023 0.171 0.616 0.931 0.990 1.000 1.000 1.000 1.000 1.000 1.000 1.000 1.000 1.000
TYR01A0013_001 1.000 1.000 1.000 1.000 1.000 1.000 1.000 1.000 1.000 1.000 1.000 1.000 1.000 1.000 1.000
TYR01A0013_002 0.000 0.000 0.000 0.000 0.000 0.000 0.000 0.000 0.000 0.000 0.000 0.000 0.000 0.000 0.000
TYR-1A0013_003 0.000 0.000 0.000 0.000 0.000 0.000 0.000 0.000 0.000 0.000 0.000 0.000 0.000 0.000 0.000
LEU01A0014_001 1.000 1.000 1.000 1.000 1.000 1.000 1.000 1.000 1.000 1.000 1.000 1.000 1.000 1.000 1.000
GLN01A0015_001 1.000 1.000 1.000 1.000 1.000 1.000 1.000 1.000 1.000 1.000 1.000 1.000 1.000 1.000 1.000
THR01A0016_001 1.000 1.000 1.000 1.000 1.000 1.000 1.000 1.000 1.000 1.000 1.000 1.000 1.000 1.000 1.000
TYR01A0017_001 1.000 1.000 1.000 1.000 1.000 1.000 1.000 0.998 0.979 0.844 0.405 0.107 0.017 0.002 0.000
TYR-1A0017_002 0.000 0.000 0.000 0.000 0.000 0.000 0.000 0.002 0.021 0.156 0.595 0.893 0.983 0.998 1.000
HIS01A0018_001 1.000 1.000 1.000 1.000 1.000 1.000 1.000 1.000 1.000 1.000 1.000 1.000 1.000 1.000 1.000
HIS02A0018_002 0.000 0.000 0.000 0.000 0.000 0.000 0.000 0.000 0.000 0.000 0.000 0.000 0.000 0.000 0.000
HIS+1A0018_003 0.000 0.000 0.000 0.000 0.000 0.000 0.000 0.000 0.000 0.000 0.000 0.000 0.000 0.000 0.000
LYS01A0019_001 0.000 0.000 0.000 0.000 0.000 0.000 0.000 0.000 0.006 0.048 0.233 0.644 0.924 0.990 1.000
LYS+1A0019_002 1.000 1.000 1.000 1.000 1.000 1.000 1.000 1.000 0.994 0.952 0.767 0.356 0.076 0.010 0.000
LEU01A0020_001 1.000 1.000 1.000 1.000 1.000 1.000 1.000 1.000 1.000 1.000 1.000 1.000 1.000 1.000 1.000
PRO01A0021_001 1.000 1.000 1.000 1.000 1.000 1.000 1.000 1.000 1.000 1.000 1.000 1.000 1.000 1.000 1.000
ASP01A0022_001 0.453 0.445 0.384 0.161 0.029 0.004 0.001 0.000 0.000 0.000 0.000 0.000 0.000 0.000 0.000
ASP02A0022_002 0.545 0.536 0.455 0.193 0.035 0.005 0.000 0.000 0.000 0.000 0.000 0.000 0.000 0.000 0.000
ASP-1A0022_003 0.002 0.020 0.161 0.646 0.936 0.991 0.999 1.000 1.000 1.000 1.000 1.000 1.000 1.000 1.000
ASN01A0023_001 1.000 1.000 1.000 1.000 1.000 1.000 1.000 1.000 1.000 1.000 1.000 1.000 1.000 1.000 1.000
TYR01A0024_001 0.964 0.958 0.958 0.956 0.954 0.946 0.950 0.948 0.950 0.949 0.946 0.942 0.938 0.927 0.919
TYR01A0024_002 0.036 0.042 0.042 0.044 0.046 0.054 0.050 0.052 0.050 0.051 0.054 0.058 0.062 0.073 0.081
TYR-1A0024_003 0.000 0.000 0.000 0.000 0.000 0.000 0.000 0.000 0.000 0.000 0.000 0.000 0.000 0.000 0.000
ILE01A0025_001 1.000 1.000 1.000 1.000 1.000 1.000 1.000 1.000 1.000 1.000 1.000 1.000 1.000 1.000 1.000
THR01A0026_001 0.002 0.002 0.000 0.004 0.004 0.004 0.004 0.004 0.000 0.004 0.004 0.005 0.005 0.005 0.005
THR01A0026_002 0.957 0.957 0.961 0.951 0.918 0.852 0.818 0.818 0.818 0.807 0.814 0.806 0.795 0.797 0.785
THR01A0026_003 0.041 0.041 0.039 0.045 0.078 0.144 0.179 0.178 0.182 0.189 0.181 0.189 0.200 0.198 0.210
LYS01A0027_001 0.000 0.000 0.000 0.000 0.000 0.000 0.000 0.000 0.000 0.007 0.056 0.188 0.391 0.627 0.840
LYS+1A0027_002 1.000 1.000 1.000 1.000 1.000 1.000 1.000 1.000 1.000 0.993 0.944 0.812 0.609 0.373 0.160
SER01A0028_001 1.000 1.000 1.000 1.000 1.000 1.000 1.000 1.000 1.000 1.000 1.000 1.000 1.000 1.000 1.000
GLU01A0029_001 0.578 0.580 0.583 0.561 0.428 0.129 0.015 0.003 0.000 0.000 0.000 0.000 0.000 0.000 0.000
GLU01A0029_002 0.000 0.000 0.000 0.000 0.000 0.000 0.000 0.000 0.000 0.000 0.000 0.000 0.000 0.000 0.000
GLU02A0029_003 0.422 0.420 0.410 0.388 0.274 0.083 0.010 0.000 0.000 0.000 0.000 0.000 0.000 0.000 0.000
GLU-1A0029_004 0.000 0.000 0.007 0.051 0.297 0.788 0.974 0.997 1.000 1.000 1.000 1.000 1.000 1.000 1.000
ALA01A0030_001 1.000 1.000 1.000 1.000 1.000 1.000 1.000 1.000 1.000 1.000 1.000 1.000 1.000 1.000 1.000
GLN01A0031_001 1.000 1.000 1.000 1.000 1.000 1.000 1.000 1.000 1.000 1.000 1.000 1.000 1.000 1.000 1.000
ALA01A0032_001 1.000 1.000 1.000 1.000 1.000 1.000 1.000 1.000 1.000 1.000 1.000 1.000 1.000 1.000 1.000
LEU01A0033_001 1.000 1.000 1.000 1.000 1.000 1.000 1.000 1.000 1.000 1.000 1.000 1.000 1.000 1.000 1.000
TRP01A0035_001 1.000 1.000 1.000 1.000 1.000 1.000 1.000 1.000 1.000 1.000 1.000 1.000 1.000 1.000 1.000
VAL01A0036_001 1.000 1.000 1.000 1.000 1.000 1.000 1.000 1.000 1.000 1.000 1.000 1.000 1.000 1.000 1.000
ALA01A0037_001 1.000 1.000 1.000 1.000 1.000 1.000 1.000 1.000 1.000 1.000 1.000 1.000 1.000 1.000 1.000
SER01A0038_001 1.000 1.000 1.000 1.000 1.000 1.000 1.000 1.000 1.000 1.000 1.000 1.000 1.000 1.000 1.000
LYS01A0039_001 0.000 0.000 0.000 0.000 0.000 0.000 0.000 0.000 0.003 0.027 0.224 0.739 0.965 0.997 1.000
LYS+1A0039_002 1.000 1.000 1.000 1.000 1.000 1.000 1.000 1.000 0.997 0.973 0.776 0.261 0.035 0.003 0.000
ASN01A0041_001 1.000 1.000 1.000 1.000 1.000 1.000 1.000 1.000 1.000 1.000 1.000 1.000 1.000 1.000 1.000
LEU01A0042_001 1.000 1.000 1.000 1.000 1.000 1.000 1.000 1.000 1.000 1.000 1.000 1.000 1.000 1.000 1.000
ALA01A0043_001 1.000 1.000 1.000 1.000 1.000 1.000 1.000 1.000 1.000 1.000 1.000 1.000 1.000 1.000 1.000
ASP01A0044_001 0.497 0.490 0.483 0.389 0.144 0.021 0.004 0.000 0.000 0.000 0.000 0.000 0.000 0.000 0.000
ASP02A0044_002 0.503 0.507 0.489 0.405 0.153 0.020 0.000 0.000 0.000 0.000 0.000 0.000 0.000 0.000 0.000
ASP-1A0044_003 0.000 0.002 0.027 0.206 0.703 0.960 0.996 1.000 1.000 1.000 1.000 1.000 1.000 1.000 1.000
VAL01A0045_001 1.000 1.000 1.000 1.000 1.000 1.000 1.000 1.000 1.000 1.000 1.000 1.000 1.000 1.000 1.000
ALA01A0046_001 1.000 1.000 1.000 1.000 1.000 1.000 1.000 1.000 1.000 1.000 1.000 1.000 1.000 1.000 1.000
PRO01A0047_001 1.000 1.000 1.000 1.000 1.000 1.000 1.000 1.000 1.000 1.000 1.000 1.000 1.000 1.000 1.000
LYS01A0049_001 0.000 0.000 0.000 0.000 0.000 0.000 0.000 0.000 0.001 0.006 0.045 0.285 0.757 0.960 0.995
LYS+1A0049_002 1.000 1.000 1.000 1.000 1.000 1.000 1.000 1.000 0.999 0.994 0.955 0.715 0.243 0.040 0.005
SER01A0050_001 1.000 1.000 1.000 1.000 1.000 1.000 1.000 1.000 1.000 1.000 1.000 1.000 1.000 1.000 1.000
ILE01A0051_001 1.000 1.000 1.000 1.000 1.000 1.000 1.000 1.000 1.000 1.000 1.000 1.000 1.000 1.000 1.000
ASP01A0054_001 0.922 0.681 0.208 0.052 0.013 0.003 0.000 0.000 0.000 0.000 0.000 0.000 0.000 0.000 0.000
ASP02A0054_002 0.000 0.000 0.000 0.000 0.000 0.000 0.000 0.000 0.000 0.000 0.000 0.000 0.000 0.000 0.000
ASP02A0054_003 0.026 0.023 0.011 0.005 0.002 0.000 0.000 0.000 0.000 0.000 0.000 0.000 0.000 0.000 0.000
ASP02A0054_004 0.000 0.000 0.000 0.000 0.000 0.000 0.000 0.000 0.000 0.000 0.000 0.000 0.000 0.000 0.000
ASP02A0054_005 0.000 0.000 0.000 0.000 0.000 0.000 0.000 0.000 0.000 0.000 0.000 0.000 0.000 0.000 0.000
ASP-1A0054_006 0.052 0.296 0.780 0.943 0.986 0.997 1.000 1.000 1.000 1.000 1.000 1.000 1.000 1.000 1.000
ILE01A0055_001 1.000 1.000 1.000 1.000 1.000 1.000 1.000 1.000 1.000 1.000 1.000 1.000 1.000 1.000 1.000
PHE01A0056_001 1.000 1.000 1.000 1.000 1.000 1.000 1.000 1.000 1.000 1.000 1.000 1.000 1.000 1.000 1.000
SER01A0057_001 1.000 1.000 1.000 1.000 1.000 1.000 1.000 1.000 1.000 1.000 1.000 1.000 1.000 1.000 1.000
ASN01A0058_001 1.000 1.000 1.000 1.000 1.000 1.000 1.000 1.000 1.000 1.000 1.000 1.000 1.000 1.000 1.000
ARG01A0059_001 0.000 0.000 0.000 0.000 0.000 0.000 0.000 0.000 0.000 0.000 0.002 0.011 0.063 0.214 0.374
ARG02A0059_002 0.000 0.000 0.000 0.000 0.000 0.000 0.000 0.000 0.000 0.000 0.001 0.007 0.042 0.131 0.225
ARG03A0059_003 0.000 0.000 0.000 0.000 0.000 0.000 0.000 0.000 0.000 0.000 0.001 0.009 0.049 0.152 0.257
ARG+1A0059_004 1.000 1.000 1.000 1.000 1.000 1.000 1.000 1.000 1.000 1.000 0.996 0.972 0.846 0.503 0.143
GLU01A0060_001 0.017 0.017 0.012 0.007 0.000 0.000 0.000 0.000 0.000 0.000 0.000 0.000 0.000 0.000 0.000
GLU01A0060_002 0.004 0.005 0.003 0.000 0.000 0.000 0.000 0.000 0.000 0.000 0.000 0.000 0.000 0.000 0.000
GLU02A0060_003 0.976 0.949 0.795 0.359 0.076 0.009 0.000 0.000 0.000 0.000 0.000 0.000 0.000 0.000 0.000
GLU-1A0060_004 0.003 0.029 0.189 0.634 0.924 0.991 1.000 1.000 1.000 1.000 1.000 1.000 1.000 1.000 1.000
LYS01A0062_001 0.000 0.000 0.000 0.000 0.000 0.000 0.000 0.000 0.000 0.000 0.006 0.041 0.195 0.601 0.895
LYS01A0062_002 0.000 0.000 0.000 0.000 0.000 0.000 0.000 0.000 0.000 0.000 0.000 0.000 0.004 0.012 0.018
LYS+1A0062_003 1.000 1.000 1.000 1.000 1.000 1.000 1.000 1.000 1.000 1.000 0.994 0.959 0.801 0.387 0.087
LEU01A0063_001 1.000 1.000 1.000 1.000 1.000 1.000 1.000 1.000 1.000 1.000 1.000 1.000 1.000 1.000 1.000
PRO01A0064_001 1.000 1.000 1.000 1.000 1.000 1.000 1.000 1.000 1.000 1.000 1.000 1.000 1.000 1.000 1.000
LYS01A0066_001 0.000 0.000 0.000 0.000 0.000 0.000 0.000 0.000 0.005 0.040 0.225 0.633 0.923 0.989 1.000
LYS+1A0066_002 1.000 1.000 1.000 1.000 1.000 1.000 1.000 1.000 0.995 0.960 0.775 0.367 0.077 0.011 0.000
SER01A0067_001 1.000 1.000 1.000 1.000 1.000 1.000 1.000 1.000 1.000 1.000 1.000 1.000 1.000 1.000 1.000
ARG01A0069_001 0.000 0.000 0.000 0.000 0.000 0.000 0.000 0.000 0.000 0.000 0.000 0.000 0.000 0.000 0.000
ARG02A0069_002 0.000 0.000 0.000 0.000 0.000 0.000 0.000 0.000 0.000 0.000 0.000 0.000 0.000 0.000 0.000
ARG02A0069_003 0.000 0.000 0.000 0.000 0.000 0.000 0.000 0.000 0.011 0.095 0.415 0.710 0.887 0.956 0.968
ARG03A0069_004 0.000 0.000 0.000 0.000 0.000 0.000 0.000 0.000 0.000 0.003 0.014 0.023 0.029 0.028 0.029
ARG03A0069_005 0.000 0.000 0.000 0.000 0.000 0.000 0.000 0.000 0.000 0.000 0.000 0.000 0.000 0.000 0.000
ARG+1A0069_006 1.000 1.000 1.000 1.000 1.000 1.000 1.000 1.000 0.989 0.902 0.571 0.267 0.084 0.015 0.002
THR01A0070_001 1.000 1.000 1.000 1.000 1.000 1.000 1.000 1.000 1.000 1.000 1.000 1.000 1.000 1.000 1.000
TRP01A0071_001 1.000 1.000 1.000 1.000 1.000 1.000 1.000 1.000 1.000 1.000 1.000 1.000 1.000 1.000 1.000
ARG01A0072_001 0.000 0.000 0.000 0.000 0.000 0.000 0.000 0.000 0.000 0.000 0.000 0.005 0.020 0.038 0.058
ARG02A0072_002 0.000 0.000 0.000 0.000 0.000 0.000 0.000 0.000 0.000 0.000 0.021 0.072 0.239 0.485 0.675
ARG02A0072_003 0.000 0.000 0.000 0.000 0.000 0.000 0.000 0.000 0.000 0.000 0.000 0.002 0.008 0.019 0.031
ARG03A0072_004 0.000 0.000 0.000 0.000 0.000 0.000 0.000 0.000 0.000 0.000 0.000 0.003 0.014 0.029 0.053
ARG+1A0072_005 1.000 1.000 1.000 1.000 1.000 1.000 1.000 1.000 1.000 1.000 0.979 0.918 0.720 0.429 0.183
GLU01A0073_001 0.000 0.000 0.000 0.000 0.000 0.000 0.000 0.000 0.000 0.000 0.000 0.000 0.000 0.000 0.000
GLU01A0073_002 0.085 0.102 0.126 0.110 0.054 0.011 0.002 0.000 0.000 0.000 0.000 0.000 0.000 0.000 0.000
GLU01A0073_003 0.000 0.000 0.000 0.000 0.000 0.000 0.000 0.000 0.000 0.000 0.000 0.000 0.000 0.000 0.000
GLU02A0073_004 0.395 0.384 0.331 0.267 0.128 0.022 0.000 0.000 0.000 0.000 0.000 0.000 0.000 0.000 0.000
GLU02A0073_005 0.514 0.491 0.470 0.381 0.173 0.032 0.006 0.002 0.000 0.000 0.000 0.000 0.000 0.000 0.000
GLU-1A0073_006 0.006 0.023 0.073 0.243 0.645 0.934 0.992 0.998 1.000 1.000 1.000 1.000 1.000 1.000 1.000
ALA01A0074_001 1.000 1.000 1.000 1.000 1.000 1.000 1.000 1.000 1.000 1.000 1.000 1.000 1.000 1.000 1.000
ASP01A0075_001 0.000 0.000 0.000 0.000 0.000 0.000 0.000 0.000 0.000 0.000 0.000 0.000 0.000 0.000 0.000
ASP01A0075_002 0.009 0.002 0.000 0.000 0.000 0.000 0.000 0.000 0.000 0.000 0.000 0.000 0.000 0.000 0.000
ASP01A0075_003 0.000 0.000 0.000 0.000 0.000 0.000 0.000 0.000 0.000 0.000 0.000 0.000 0.000 0.000 0.000
ASP02A0075_004 0.000 0.000 0.000 0.000 0.000 0.000 0.000 0.000 0.000 0.000 0.000 0.000 0.000 0.000 0.000
ASP02A0075_005 0.119 0.020 0.000 0.003 0.000 0.000 0.000 0.000 0.000 0.000 0.000 0.000 0.000 0.000 0.000
ASP02A0075_006 0.000 0.000 0.000 0.000 0.000 0.000 0.000 0.000 0.000 0.000 0.000 0.000 0.000 0.000 0.000
ASP-1A0075_007 0.872 0.977 1.000 0.997 1.000 1.000 1.000 1.000 1.000 1.000 1.000 1.000 1.000 1.000 1.000
ILE01A0076_001 1.000 1.000 1.000 1.000 1.000 1.000 1.000 1.000 1.000 1.000 1.000 1.000 1.000 1.000 1.000
ASN01A0077_001 1.000 1.000 1.000 1.000 1.000 1.000 1.000 1.000 1.000 1.000 1.000 1.000 1.000 1.000 1.000
TYR01A0078_001 0.992 0.990 0.990 0.991 0.991 0.990 0.992 0.990 0.991 0.991 0.987 0.963 0.867 0.564 0.204
TYR01A0078_002 0.008 0.010 0.010 0.009 0.009 0.010 0.008 0.010 0.009 0.009 0.010 0.010 0.009 0.006 0.000
TYR-1A0078_003 0.000 0.000 0.000 0.000 0.000 0.000 0.000 0.000 0.000 0.000 0.003 0.026 0.124 0.430 0.796
THR01A0079_001 1.000 1.000 1.000 1.000 1.000 1.000 1.000 1.000 1.000 1.000 1.000 1.000 1.000 1.000 1.000
SER01A0080_001 1.000 1.000 1.000 1.000 1.000 1.000 1.000 1.000 1.000 1.000 1.000 1.000 1.000 1.000 1.000
PHE01A0082_001 1.000 1.000 1.000 1.000 1.000 1.000 1.000 1.000 1.000 1.000 1.000 1.000 1.000 1.000 1.000
ARG01A0083_001 0.000 0.000 0.000 0.000 0.000 0.000 0.000 0.000 0.000 0.000 0.000 0.000 0.000 0.000 0.000
ARG01A0083_002 0.000 0.000 0.000 0.000 0.000 0.000 0.000 0.000 0.000 0.000 0.001 0.003 0.008 0.007 0.009
ARG02A0083_003 0.000 0.000 0.000 0.000 0.000 0.000 0.000 0.000 0.000 0.000 0.000 0.000 0.000 0.000 0.000
ARG02A0083_004 0.000 0.000 0.000 0.000 0.000 0.000 0.000 0.000 0.002 0.008 0.052 0.183 0.350 0.506 0.694
ARG03A0083_005 0.000 0.000 0.000 0.000 0.000 0.000 0.000 0.000 0.000 0.000 0.000 0.000 0.000 0.000 0.000
ARG03A0083_006 0.000 0.000 0.000 0.000 0.000 0.000 0.000 0.000 0.000 0.000 0.001 0.002 0.004 0.004 0.005
ARG03A0083_007 0.000 0.000 0.000 0.000 0.000 0.000 0.000 0.000 0.000 0.000 0.000 0.000 0.000 0.000 0.000
ARG03A0083_008 0.000 0.000 0.000 0.000 0.000 0.000 0.000 0.000 0.000 0.003 0.019 0.051 0.081 0.090 0.095
ARG+1A0083_009 1.000 1.000 1.000 1.000 1.000 1.000 1.000 1.000 0.998 0.990 0.927 0.761 0.557 0.393 0.198
ASN01A0084_001 1.000 1.000 1.000 1.000 1.000 1.000 1.000 1.000 1.000 1.000 1.000 1.000 1.000 1.000 1.000
SER01A0085_001 0.187 0.188 0.206 0.226 0.299 0.388 0.417 0.430 0.438 0.443 0.455 0.466 0.478 0.494 0.503
SER01A0085_002 0.813 0.812 0.794 0.774 0.701 0.612 0.583 0.570 0.562 0.557 0.545 0.534 0.522 0.506 0.497
ASP01A0086_001 0.593 0.593 0.588 0.540 0.330 0.077 0.011 0.000 0.000 0.000 0.000 0.000 0.000 0.000 0.000
ASP02A0086_002 0.407 0.404 0.395 0.352 0.203 0.048 0.005 0.000 0.000 0.000 0.000 0.000 0.000 0.000 0.000
ASP-1A0086_003 0.000 0.003 0.017 0.109 0.466 0.875 0.984 1.000 1.000 1.000 1.000 1.000 1.000 1.000 1.000
ARG01A0087_001 0.000 0.000 0.000 0.000 0.000 0.000 0.000 0.000 0.000 0.000 0.000 0.000 0.000 0.000 0.000
ARG01A0087_002 0.000 0.000 0.000 0.000 0.000 0.000 0.000 0.000 0.000 0.000 0.000 0.000 0.000 0.000 0.000
ARG02A0087_003 0.000 0.000 0.000 0.000 0.000 0.000 0.000 0.000 0.000 0.000 0.000 0.000 0.000 0.000 0.000
ARG03A0087_004 0.000 0.000 0.000 0.000 0.000 0.000 0.000 0.000 0.000 0.000 0.000 0.000 0.000 0.000 0.000
ARG+1A0087_005 1.000 1.000 1.000 1.000 1.000 1.000 1.000 1.000 1.000 1.000 1.000 1.000 1.000 1.000 1.000
ILE01A0088_001 1.000 1.000 1.000 1.000 1.000 1.000 1.000 1.000 1.000 1.000 1.000 1.000 1.000 1.000 1.000
LEU01A0089_001 1.000 1.000 1.000 1.000 1.000 1.000 1.000 1.000 1.000 1.000 1.000 1.000 1.000 1.000 1.000
TYR01A0090_001 1.000 1.000 1.000 1.000 1.000 1.000 1.000 1.000 1.000 1.000 0.976 0.909 0.747 0.546 0.284
TYR-1A0090_002 0.000 0.000 0.000 0.000 0.000 0.000 0.000 0.000 0.000 0.000 0.024 0.091 0.253 0.454 0.716
SER01A0091_001 0.286 0.326 0.428 0.486 0.491 0.487 0.482 0.486 0.492 0.494 0.495 0.503 0.475 0.441 0.425
SER01A0091_002 0.714 0.674 0.572 0.514 0.509 0.513 0.518 0.514 0.508 0.506 0.505 0.497 0.525 0.559 0.575
SER01A0091_003 0.000 0.000 0.000 0.000 0.000 0.000 0.000 0.000 0.000 0.000 0.000 0.000 0.000 0.000 0.000
SER01A0092_001 0.977 0.976 0.981 0.981 0.982 0.982 0.981 0.981 0.982 0.977 0.980 0.980 0.977 0.977 0.973
SER01A0092_002 0.023 0.024 0.019 0.019 0.018 0.018 0.019 0.019 0.018 0.023 0.020 0.020 0.023 0.023 0.027
ASP01A0093_001 0.000 0.000 0.000 0.000 0.000 0.000 0.000 0.000 0.000 0.000 0.000 0.000 0.000 0.000 0.000
ASP01A0093_002 0.000 0.000 0.000 0.000 0.000 0.000 0.000 0.000 0.000 0.000 0.000 0.000 0.000 0.000 0.000
ASP02A0093_003 0.000 0.000 0.000 0.000 0.000 0.000 0.000 0.000 0.000 0.000 0.000 0.000 0.000 0.000 0.000
ASP02A0093_004 0.979 0.816 0.376 0.073 0.009 0.001 0.000 0.000 0.000 0.000 0.000 0.000 0.000 0.000 0.000
ASP02A0093_005 0.000 0.000 0.000 0.000 0.000 0.000 0.000 0.000 0.000 0.000 0.000 0.000 0.000 0.000 0.000
ASP-1A0093_006 0.021 0.184 0.624 0.927 0.991 0.999 1.000 1.000 1.000 1.000 1.000 1.000 1.000 1.000 1.000
TRP01A0094_001 1.000 1.000 1.000 1.000 1.000 1.000 1.000 1.000 1.000 1.000 1.000 1.000 1.000 1.000 1.000
LEU01A0095_001 1.000 1.000 1.000 1.000 1.000 1.000 1.000 1.000 1.000 1.000 1.000 1.000 1.000 1.000 1.000
ILE01A0096_001 1.000 1.000 1.000 1.000 1.000 1.000 1.000 1.000 1.000 1.000 1.000 1.000 1.000 1.000 1.000
TYR01A0097_001 1.000 1.000 1.000 1.000 1.000 1.000 1.000 1.000 0.997 0.967 0.820 0.530 0.268 0.088 0.017
TYR-1A0097_002 0.000 0.000 0.000 0.000 0.000 0.000 0.000 0.000 0.003 0.033 0.180 0.470 0.732 0.912 0.983
LYS01A0098_001 0.000 0.000 0.000 0.000 0.000 0.000 0.000 0.000 0.004 0.027 0.216 0.684 0.945 0.992 0.999
LYS+1A0098_002 1.000 1.000 1.000 1.000 1.000 1.000 1.000 1.000 0.996 0.973 0.784 0.316 0.055 0.008 0.001
THR01A0099_001 0.973 0.976 0.978 0.988 0.983 0.982 0.983 0.981 0.980 0.984 0.975 0.972 0.969 0.966 0.962
THR01A0099_002 0.020 0.018 0.016 0.012 0.012 0.013 0.013 0.014 0.014 0.016 0.018 0.020 0.025 0.026 0.030
THR01A0099_003 0.007 0.007 0.005 0.000 0.005 0.005 0.004 0.005 0.006 0.000 0.007 0.008 0.007 0.008 0.009
THR01A0100_001 1.000 1.000 1.000 1.000 1.000 1.000 1.000 1.000 1.000 1.000 1.000 1.000 1.000 1.000 1.000
ASP01A0101_001 0.000 0.000 0.000 0.000 0.000 0.000 0.000 0.000 0.000 0.000 0.000 0.000 0.000 0.000 0.000
ASP01A0101_002 0.000 0.000 0.000 0.000 0.000 0.000 0.000 0.000 0.000 0.000 0.000 0.000 0.000 0.000 0.000
ASP01A0101_003 0.000 0.000 0.000 0.000 0.000 0.000 0.000 0.000 0.000 0.000 0.000 0.000 0.000 0.000 0.000
ASP02A0101_004 0.988 0.890 0.500 0.120 0.020 0.003 0.000 0.000 0.000 0.000 0.000 0.000 0.000 0.000 0.000
ASP-1A0101_005 0.012 0.110 0.500 0.880 0.980 0.997 1.000 1.000 1.000 1.000 1.000 1.000 1.000 1.000 1.000
HIS01A0102_001 0.000 0.000 0.000 0.000 0.001 0.007 0.052 0.261 0.454 0.498 0.535 0.603 0.672 0.727 0.786
HIS02A0102_002 0.000 0.000 0.000 0.000 0.001 0.006 0.051 0.262 0.460 0.490 0.465 0.397 0.328 0.273 0.214
HIS+1A0102_003 1.000 1.000 1.000 1.000 0.998 0.987 0.897 0.476 0.087 0.011 0.000 0.000 0.000 0.000 0.000
TYR01A0103_001 0.983 0.983 0.977 0.961 0.919 0.897 0.888 0.898 0.904 0.876 0.736 0.453 0.244 0.125 0.053
TYR01A0103_002 0.000 0.000 0.000 0.000 0.000 0.000 0.000 0.000 0.000 0.000 0.000 0.000 0.000 0.000 0.000
TYR01A0103_003 0.000 0.000 0.000 0.000 0.000 0.000 0.000 0.000 0.000 0.000 0.000 0.000 0.000 0.000 0.000
TYR01A0103_004 0.017 0.017 0.023 0.039 0.081 0.103 0.112 0.102 0.092 0.093 0.079 0.049 0.027 0.016 0.006
TYR-1A0103_005 0.000 0.000 0.000 0.000 0.000 0.000 0.000 0.000 0.004 0.031 0.186 0.498 0.729 0.858 0.941
GLN01A0104_001 1.000 1.000 1.000 1.000 1.000 1.000 1.000 1.000 1.000 1.000 1.000 1.000 1.000 1.000 1.000
THR01A0105_001 0.956 0.913 0.748 0.581 0.528 0.515 0.511 0.506 0.505 0.507 0.503 0.507 0.516 0.506 0.491
THR01A0105_002 0.000 0.000 0.004 0.006 0.009 0.007 0.008 0.008 0.008 0.008 0.008 0.008 0.007 0.006 0.008
THR01A0105_003 0.044 0.087 0.248 0.413 0.464 0.479 0.480 0.487 0.487 0.485 0.490 0.485 0.476 0.488 0.501
PHE01A0106_001 1.000 1.000 1.000 1.000 1.000 1.000 1.000 1.000 1.000 1.000 1.000 1.000 1.000 1.000 1.000
THR01A0107_001 1.000 1.000 1.000 1.000 1.000 1.000 1.000 1.000 1.000 1.000 1.000 1.000 1.000 1.000 1.000
LYS01A0108_001 0.000 0.000 0.000 0.000 0.000 0.000 0.000 0.000 0.001 0.008 0.050 0.189 0.473 0.839 0.974
LYS+1A0108_002 1.000 1.000 1.000 1.000 1.000 1.000 1.000 1.000 0.999 0.992 0.950 0.811 0.527 0.161 0.026
ILE01A0109_001 1.000 1.000 1.000 1.000 1.000 1.000 1.000 1.000 1.000 1.000 1.000 1.000 1.000 1.000 1.000
ARG01A0110_001 0.000 0.000 0.000 0.000 0.000 0.000 0.000 0.000 0.000 0.000 0.000 0.000 0.000 0.000 0.005
ARG01A0110_002 0.000 0.000 0.000 0.000 0.000 0.000 0.000 0.000 0.000 0.000 0.000 0.000 0.000 0.010 0.044
ARG02A0110_003 0.000 0.000 0.000 0.000 0.000 0.000 0.000 0.000 0.000 0.000 0.000 0.000 0.009 0.041 0.181
ARG02A0110_004 0.000 0.000 0.000 0.000 0.000 0.000 0.000 0.000 0.000 0.000 0.000 0.000 0.000 0.001 0.005
ARG03A0110_005 0.000 0.000 0.000 0.000 0.000 0.000 0.000 0.000 0.000 0.000 0.000 0.000 0.000 0.000 0.001
ARG03A0110_006 0.000 0.000 0.000 0.000 0.000 0.000 0.000 0.000 0.000 0.000 0.000 0.003 0.013 0.051 0.234
ARG+1A0110_007 1.000 1.000 1.000 1.000 1.000 1.000 1.000 1.000 1.000 1.000 1.000 0.997 0.979 0.897 0.531
CTR01A0110_001 0.228 0.204 0.109 0.026 0.004 0.000 0.000 0.000 0.000 0.000 0.000 0.000 0.000 0.000 0.000
CTR01A0110_002 0.749 0.644 0.333 0.078 0.013 0.003 0.000 0.000 0.000 0.000 0.000 0.000 0.000 0.000 0.000
CTR02A0110_003 0.000 0.000 0.000 0.000 0.000 0.000 0.000 0.000 0.000 0.000 0.000 0.000 0.000 0.000 0.000
CTR02A0110_004 0.005 0.005 0.003 0.001 0.000 0.000 0.000 0.000 0.000 0.000 0.000 0.000 0.000 0.000 0.000
CTR02A0110_005 0.000 0.000 0.000 0.000 0.000 0.000 0.000 0.000 0.000 0.000 0.000 0.000 0.000 0.000 0.000
CTR-1A0110_006 0.018 0.147 0.555 0.894 0.983 0.997 1.000 1.000 1.000 1.000 1.000 1.000 1.000 1.000 1.000
_ZN01A0112_001 0.000 0.000 0.000 0.000 0.000 0.000 0.000 0.000 0.000 0.000 0.000 0.000 0.000 0.000 0.000
_ZN+2A0112_002 1.000 1.000 1.000 1.000 1.000 1.000 1.000 1.000 1.000 1.000 1.000 1.000 1.000 1.000 1.000
