   Rotamer making statitics:
   Residue   Start  Clean   Swap Rotate   Self  Hbond Repack  Ioni.   TorH     OH  Elect
   NTRA0003      1      1      1      1      1      1      1      2      2      4      2
   VALA0003      1      1      1      1      1      1      1      1      1      1      1
   ILEA0004      1      1      1      1      1      1      1      1      1      1      1
   ASNA0005      1      1      1      1      1      1      1      1      1      1      1
   THRA0006      1      1      2      2      1      1      1      1      1      6      2
   PHEA0007      1      1      1      1      1      1      1      1      1      1      1
   ASPA0008      1      1      1      1      1      1      1      3      4     13      5
   GLYA0009      0      0      0      0      0      0      0      0      0      0      0
   VALA0010      1      1      1      1      1      1      1      1      1      1      1
   ALAA0011      1      1      1      1      1      1      1      1      1      1      1
   ASPA0012      1      1      1      1      1      1      1      3      4     12      4
   TYRA0013      1      1      1      1      1      1      1      2      2      6      3
   LEUA0014      1      1      1      1      1      1      1      1      1      1      1
   GLNA0015      1      1      1      1      1      1      1      1      1      1      1
   THRA0016      1      1      2      2      1      1      1      1      1      5      1
   TYRA0017      1      1      1      1      1      1      1      2      2      7      2
   HISA0018      1      1      1      1      1      1      1      3      3      3      3
   LYSA0019      1      1      1      1      1      1      1      2      2      8      2
   LEUA0020      1      1      1      1      1      1      1      1      1      1      1
   PROA0021      1      1      1      1      1      1      1      1      1      1      1
   ASPA0022      1      1      1      1      1      1      1      3      4      8      3
   ASNA0023      1      1      1      1      1      1      1      1      1      1      1
   TYRA0024      1      1      1      1      1      1      1      2      2      4      3
   ILEA0025      1      1      1      1      1      1      1      1      1      1      1
   THRA0026      1      1      2      2      1      1      1      1      1      5      3
   LYSA0027      1      1      1      1      1      1      1      2      2      5      2
   SERA0028      1      1      1      1      1      1      1      1      1      4      1
   GLUA0029      1      1      1      1      1      1      1      3      4      7      4
   ALAA0030      1      1      1      1      1      1      1      1      1      1      1
   GLNA0031      1      1      1      1      1      1      1      1      1      1      1
   ALAA0032      1      1      1      1      1      1      1      1      1      1      1
   LEUA0033      1      1      1      1      1      1      1      1      1      1      1
   GLYA0034      0      0      0      0      0      0      0      0      0      0      0
   TRPA0035      1      1      1      1      1      1      1      1      1      1      1
   VALA0036      1      1      1      1      1      1      1      1      1      1      1
   ALAA0037      1      1      1      1      1      1      1      1      1      1      1
   SERA0038      1      1      1      1      1      1      1      1      1      3      1
   LYSA0039      1      1      1      1      1      1      1      2      2      4      2
   GLYA0040      0      0      0      0      0      0      0      0      0      0      0
   ASNA0041      1      1      1      1      1      1      1      1      1      1      1
   LEUA0042      1      1      1      1      1      1      1      1      1      1      1
   ALAA0043      1      1      1      1      1      1      1      1      1      1      1
   ASPA0044      1      1      1      1      1      1      1      3      4      6      3
   VALA0045      1      1      1      1      1      1      1      1      1      1      1
   ALAA0046      1      1      1      1      1      1      1      1      1      1      1
   PROA0047      1      1      1      1      1      1      1      1      1      1      1
   GLYA0048      0      0      0      0      0      0      0      0      0      0      0
   LYSA0049      1      1      1      1      1      1      1      2      2      4      2
   SERA0050      1      1      1      1      1      1      1      1      1      6      1
   ILEA0051      1      1      1      1      1      1      1      1      1      1      1
   GLYA0052      0      0      0      0      0      0      0      0      0      0      0
   GLYA0053      0      0      0      0      0      0      0      0      0      0      0
   ASPA0054      1      1      1      1      1      1      1      3      4     13      6
   ILEA0055      1      1      1      1      1      1      1      1      1      1      1
   PHEA0056      1      1      1      1      1      1      1      1      1      1      1
   SERA0057      1      1      1      1      1      1      1      1      1      3      1
   ASNA0058      1      1      1      1      1      1      1      1      1      1      1
   ARGA0059      1      1      1      1      1      1      1      4      4     12      4
   GLUA0060      1      1      1      1      1      1      1      3      4     10      4
   GLYA0061      0      0      0      0      0      0      0      0      0      0      0
   LYSA0062      1      1      1      1      1      1      1      2      2      4      3
   LEUA0063      1      1      1      1      1      1      1      1      1      1      1
   PROA0064      1      1      1      1      1      1      1      1      1      1      1
   GLYA0065      0      0      0      0      0      0      0      0      0      0      0
   LYSA0066      1      1      1      1      1      1      1      2      2      4      2
   SERA0067      1      1      1      1      1      1      1      1      1      7      1
   GLYA0068      0      0      0      0      0      0      0      0      0      0      0
   ARGA0069      1      1      1      1      1      1      1      4      4      8      6
   THRA0070      1      1      2      2      1      1      1      1      1      4      1
   TRPA0071      1      1      1      1      1      1      1      1      1      1      1
   ARGA0072      1      1      1      1      1      1      1      4      4      6      5
   GLUA0073      1      1      1      1      1      1      1      3      4     11      6
   ALAA0074      1      1      1      1      1      1      1      1      1      1      1
   ASPA0075      1      1      1      1      1      1      1      3      4     19      7
   ILEA0076      1      1      1      1      1      1      1      1      1      1      1
   ASNA0077      1      1      1      1      1      1      1      1      1      1      1
   TYRA0078      1      1      1      1      1      1      1      2      2      6      3
   THRA0079      1      1      2      2      1      1      1      1      1      3      1
   SERA0080      1      1      1      1      1      1      1      1      1      5      1
   GLYA0081      0      0      0      0      0      0      0      0      0      0      0
   PHEA0082      1      1      1      1      1      1      1      1      1      1      1
   ARGA0083      1      1      1      1      1      1      1      4      4     11      9
   ASNA0084      1      1      1      1      1      1      1      1      1      1      1
   SERA0085      1      1      1      1      1      1      1      1      1      4      2
   ASPA0086      1      1      1      1      1      1      1      3      4      7      3
   ARGA0087      1      1      1      1      1      1      1      4      4      7      5
   ILEA0088      1      1      1      1      1      1      1      1      1      2      1
   LEUA0089      1      1      1      1      1      1      1      1      1      1      1
   TYRA0090      1      1      1      1      1      1      1      2      2      4      2
   SERA0091      1      1      1      1      1      1      1      1      1      5      3
   SERA0092      1      1      1      1      1      1      1      1      1      4      2
   ASPA0093      1      1      1      1      1      1      1      3      4     16      6
   TRPA0094      1      1      1      1      1      1      1      1      1      1      1
   LEUA0095      1      1      1      1      1      1      1      1      1      1      1
   ILEA0096      1      1      1      1      1      1      1      1      1      2      1
   TYRA0097      1      1      1      1      1      1      1      2      2      6      2
   LYSA0098      1      1      1      1      1      1      1      2      2      8      2
   THRA0099      1      1      2      2      1      1      1      1      1      5      3
   THRA0100      1      1      2      2      1      1      1      1      1      4      1
   ASPA0101      1      1      1      1      1      1      1      3      4     10      5
   HISA0102      1      1      1      1      1      1      1      3      3      3      3
   TYRA0103      1      1      1      1      1      1      1      2      2      7      5
   GLNA0104      1      1      1      1      1      1      1      1      1      1      1
   THRA0105      1      1      2      2      1      1      1      1      1      6      3
   PHEA0106      1      1      1      1      1      1      1      1      1      1      1
   THRA0107      1      1      2      2      1      1      1      1      1      5      1
   LYSA0108      1      1      1      1      1      1      1      2      2      4      2
   ILEA0109      1      1      1      1      1      1      1      1      1      1      1
   ARGA0110      1      1      1      1      1      1      1      4      4      7      7
   CTRA0110      1      1      1      1      1      1      1      3      4     11      6
   _ZNA0112      1      1      1      1      1      1      1      2      2      2      2
   Total       101    101    110    110    101    101    101    166    179    418    219
